 ===========================================================================
 #processes 	 msgSize 	 cycles 		 totaltime
 ===========================================================================
4		1		6			2.9900074005126953e-03
4		10		5			5.2213668823242188e-05
4		100		4			9.1075897216796875e-05
4		1000		3			6.4992904663085938e-04
4		10000		2			3.8340091705322266e-03
4		100000		1			1.6183137893676758e-02
 ===========================================================================
 #processes 	 msgSize 	 cycles 		 totaltime
 ===========================================================================
5		1		6			2.8825998306274414e-02
5		10		5			1.8715858459472656e-04
5		100		4			2.0408630371093750e-04
5		1000		3			1.7960071563720703e-03
5		10000		2			5.3548812866210938e-03
5		100000		1			2.1543979644775391e-02
 ===========================================================================
 #processes 	 msgSize 	 cycles 		 totaltime
 ===========================================================================
6		1		6			5.0403118133544922e-02
6		10		5			1.9192695617675781e-04
6		100		4			2.2888183593750000e-04
6		1000		3			2.0010471343994141e-03
6		10000		2			6.3769817352294922e-03
6		100000		1			2.4924039840698242e-02
 ===========================================================================
 #processes 	 msgSize 	 cycles 		 totaltime
 ===========================================================================
7		1		6			7.1997165679931641e-02
7		10		5			2.1195411682128906e-04
7		100		4			2.4104118347167969e-04
7		1000		3			2.2180080413818359e-03
7		10000		2			7.2848796844482422e-03
7		100000		1			2.8433084487915039e-02
 ===========================================================================
 #processes 	 msgSize 	 cycles 		 totaltime
 ===========================================================================
8		1		6			4.4419050216674805e-02
8		10		5			2.3007392883300781e-04
8		100		4			2.6011466979980469e-04
8		1000		3			2.3970603942871094e-03
8		10000		2			8.1100463867187500e-03
8		100000		1			3.2329082489013672e-02
 ===========================================================================
 #processes 	 msgSize 	 cycles 		 totaltime
 ===========================================================================
4		1		6			1.0390281677246094e-03
4		10		5			5.1975250244140625e-05
4		100		4			9.4890594482421875e-05
4		1000		3			6.2704086303710938e-04
4		10000		2			3.6468505859375000e-03
4		100000		1			1.5810966491699219e-02
 ===========================================================================
 #processes 	 msgSize 	 cycles 		 totaltime
 ===========================================================================
5		1		6			2.6305913925170898e-02
5		10		5			2.0194053649902344e-04
5		100		4			1.9288063049316406e-04
5		1000		3			1.8160343170166016e-03
5		10000		2			5.3238868713378906e-03
5		100000		1			2.1399974822998047e-02
 ===========================================================================
 #processes 	 msgSize 	 cycles 		 totaltime
 ===========================================================================
6		1		6			8.0212831497192383e-02
6		10		5			1.9907951354980469e-04
6		100		4			2.3698806762695312e-04
6		1000		3			1.9550323486328125e-03
6		10000		2			5.9599876403808594e-03
6		100000		1			2.4330139160156250e-02
 ===========================================================================
 #processes 	 msgSize 	 cycles 		 totaltime
 ===========================================================================
7		1		6			8.0302953720092773e-02
7		10		5			2.1409988403320312e-04
7		100		4			2.5200843811035156e-04
7		1000		3			2.1579265594482422e-03
7		10000		2			7.2691440582275391e-03
7		100000		1			2.8786182403564453e-02
 ===========================================================================
 #processes 	 msgSize 	 cycles 		 totaltime
 ===========================================================================
4		1		6			3.4719944000244141e-02
4		10		5			5.1021575927734375e-05
4		100		4			7.8916549682617188e-05
4		1000		3			6.6304206848144531e-04
4		10000		2			3.7930011749267578e-03
4		100000		1			1.5763998031616211e-02
 ===========================================================================
 #processes 	 msgSize 	 cycles 		 totaltime
 ===========================================================================
8		1		6			4.9015998840332031e-02
8		10		5			2.1982192993164062e-04
8		100		4			2.6798248291015625e-04
8		1000		3			2.3438930511474609e-03
8		10000		2			8.1160068511962891e-03
8		100000		1			3.2323122024536133e-02
 ===========================================================================
 #processes 	 msgSize 	 cycles 		 totaltime
 ===========================================================================
5		1		6			2.9608964920043945e-02
5		10		5			1.8715858459472656e-04
5		100		4			1.9502639770507812e-04
5		1000		3			1.7790794372558594e-03
5		10000		2			5.1269531250000000e-03
5		100000		1			2.0802974700927734e-02
 ===========================================================================
 #processes 	 msgSize 	 cycles 		 totaltime
 ===========================================================================
9		1		6			8.5819005966186523e-02
9		10		5			3.2091140747070312e-04
9		100		4			3.2997131347656250e-04
9		1000		3			2.6118755340576172e-03
9		10000		2			9.0880393981933594e-03
9		100000		1			3.5230159759521484e-02
 ===========================================================================
 #processes 	 msgSize 	 cycles 		 totaltime
 ===========================================================================
6		1		6			4.4471025466918945e-02
6		10		5			1.9383430480957031e-04
6		100		4			2.4986267089843750e-04
6		1000		3			1.9960403442382812e-03
6		10000		2			6.1728954315185547e-03
6		100000		1			2.4983882904052734e-02
 ===========================================================================
 #processes 	 msgSize 	 cycles 		 totaltime
 ===========================================================================
7		1		6			7.4073076248168945e-02
7		10		5			2.0909309387207031e-04
7		100		4			2.5510787963867188e-04
7		1000		3			2.1829605102539062e-03
7		10000		2			7.1368217468261719e-03
7		100000		1			2.7761936187744141e-0250e-02
 ===========================================================================
 #processes 	 msgSize 	 cycles 		 totaltime
 ===========================================================================
8		1		6			6.2158107757568359e-02
8		10		5			2.2196769714355469e-04
8		100		4			3.6120414733886719e-04
8		1000		3			2.3169517517089844e-03
8		10000		2			8.1429481506347656e-03
8		100000		1			3.2097816467285156e-02
 ===========================================================================
 #processes 	 msgSize 	 cycles 		 totaltime
 ===========================================================================
11		1		6			6.5113067626953125e-02
11		10		5			5.1283836364746094e-04
11		100		4			5.1784515380859375e-04
11		1000		3			3.0910968780517578e-03
11		10000		2			1.1415958404541016e-02
11		100000		1			4.3200016021728516e-02
 ===========================================================================
 #processes 	 msgSize 	 cycles 		 totaltime
 ===========================================================================
9		1		6			5.5148839950561523e-02
9		10		5			3.1208992004394531e-04
9		100		4			3.6501884460449219e-04
9		1000		3			2.5959014892578125e-03
9		10000		2			9.2020034790039062e-03
9		100000		1			3.5989046096801758e-02
 ===========================================================================
 #processes 	 msgSize 	 cycles 		 totaltime
 ===========================================================================
10		1		6			7.5410127639770508e-02
10		10		5			4.0197372436523438e-04
10		100		4			4.1389465332031250e-04
10		1000		3			2.8009414672851562e-03
10		10000		2			1.0092020034790039e-02
10		100000		1			3.8997173309326172e-02
 ===========================================================================
 #processes 	 msgSize 	 cycles 		 totaltime
 ===========================================================================
12		1		6			8.6017847061157227e-02
12		10		5			6.7019462585449219e-04
12		100		4			6.5898895263671875e-04
12		1000		3			3.5080909729003906e-03
12		10000		2			1.2776851654052734e-02
12		100000		1			4.7396898269653320e-02
 ===========================================================================
 #processes 	 msgSize 	 cycles 		 totaltime
 ===========================================================================
11		1		6			6.5726041793823242e-02
11		10		5			5.1522254943847656e-04
11		100		4			5.2499771118164062e-04
11		1000		3			3.0879974365234375e-03
11		10000		2			1.1145114898681641e-02
11		100000		1			4.3304920196533203e-02
 ===========================================================================
 #processes 	 msgSize 	 cycles 		 totaltime
 ===========================================================================
13		1		6			9.1995000839233398e-02
13		10		5			8.6808204650878906e-04
13		100		4			8.3804130554199219e-04
13		1000		3			4.7259330749511719e-03
13		10000		2			1.4106988906860352e-02
13		100000		1			5.4244041442871094e-02
 ===========================================================================
 #processes 	 msgSize 	 cycles 		 totaltime
 ===========================================================================
12		1		6			6.4270973205566406e-02
12		10		5			6.8616867065429688e-04
12		100		4			6.7114830017089844e-04
12		1000		3			3.3991336822509766e-03
12		10000		2			1.2624979019165039e-02
12		100000		1			4.8907041549682617e-02
 ===========================================================================
 #processes 	 msgSize 	 cycles 		 totaltime
 ===========================================================================
14		1		6			9.9712133407592773e-02
14		10		5			8.8500976562500000e-04
14		100		4			9.0312957763671875e-04
14		1000		3			4.8561096191406250e-03
14		10000		2			1.5152931213378906e-02
14		100000		1			5.5864095687866211e-02
 ===========================================================================
 #processes 	 msgSize 	 cycles 		 totaltime
 ===========================================================================
13		1		6			9.2355012893676758e-02
13		10		5			8.5210800170898438e-04
13		100		4			7.6794624328613281e-04
13		1000		3			4.6179294586181641e-03
13		10000		2			1.3915061950683594e-02
13		100000		1			5.2312135696411133e-02
 ===========================================================================
 #processes 	 msgSize 	 cycles 		 totaltime
 ===========================================================================
15		1		6			1.0876202583312988e-01
15		10		5			9.5701217651367188e-04
15		100		4			9.2482566833496094e-04
15		1000		3			5.3009986877441406e-03
15		10000		2			1.6224145889282227e-02
15		100000		1			6.0849905014038086e-02
 ===========================================================================
 #processes 	 msgSize 	 cycles 		 totaltime
 ===========================================================================
14		1		6			1.0181283950805664e-01
14		10		5			9.1004371643066406e-04
14		100		4			8.2111358642578125e-04
14		1000		3			4.8911571502685547e-03
14		10000		2			1.4678001403808594e-02
14		100000		1			5.9103012084960938e-02
 ===========================================================================
 #processes 	 msgSize 	 cycles 		 totaltime
 ===========================================================================
15		1		6			1.0062193870544434e-01
15		10		5			1.0211467742919922e-03
15		100		4			1.0070800781250000e-03
15		1000		3			5.4547786712646484e-03
15		10000		2			1.6450166702270508e-02
15		100000		1			6.1518907546997070e-02
 ===========================================================================
 #processes 	 msgSize 	 cycles 		 totaltime
 ===========================================================================
16		1		6			1.0063719749450684e-01
16		10		5			1.1169910430908203e-03
16		100		4			1.1479854583740234e-03
16		1000		3			5.4788589477539062e-03
16		10000		2			1.7372131347656250e-02
16		100000		1			6.2580108642578125e-02
 ===========================================================================
 #processes 	 msgSize 	 cycles 		 totaltime
 ===========================================================================
16		1		6			1.0360002517700195e-01
16		10		5			1.1229515075683594e-03
16		100		4			1.1200904846191406e-03
16		1000		3			5.5050849914550781e-03
16		10000		2			1.7056941986083984e-02
16		100000		1			6.5886974334716797e-02
 ===========================================================================
 #processes 	 msgSize 	 cycles 		 totaltime
 ===========================================================================
4		1		6			3.6081075668334961e-02
4		10		5			5.2928924560546875e-05
4		100		4			8.2969665527343750e-05
4		1000		3			6.3800811767578125e-04
4		10000		2			3.8840770721435547e-03
4		100000		1			1.6130208969116211e-02
 ===========================================================================
 #processes 	 msgSize 	 cycles 		 totaltime
 ===========================================================================
5		1		6			2.7130126953125000e-02
5		10		5			1.9001960754394531e-04
5		100		4			2.1100044250488281e-04
5		1000		3			1.7709732055664062e-03
5		10000		2			5.0539970397949219e-03
5		100000		1			2.1093845367431641e-02
 ===========================================================================
 #processes 	 msgSize 	 cycles 		 totaltime
 ===========================================================================
6		1		6			5.0535917282104492e-02
6		10		5			1.8906593322753906e-04
6		100		4			2.2315979003906250e-04
6		1000		3			1.9629001617431641e-03
6		10000		2			6.2320232391357422e-03
6		100000		1			2.4755954742431641e-02
 ===========================================================================
 #processes 	 msgSize 	 cycles 		 totaltime
 ===========================================================================
7		1		6			4.4925928115844727e-02
7		10		5			2.0790100097656250e-04
7		100		4			2.3484230041503906e-04
7		1000		3			2.1650791168212891e-03
7		10000		2			7.1458816528320312e-03
7		100000		1			2.8166055679321289e-02
 ===========================================================================
 #processes 	 msgSize 	 cycles 		 totaltime
 ===========================================================================
8		1		6			8.0458879470825195e-02
8		10		5			2.2006034851074219e-04
8		100		4			2.7704238891601562e-04
8		1000		3			2.3109912872314453e-03
8		10000		2			8.0599784851074219e-03
8		100000		1			3.2348155975341797e-02
 ===========================================================================
 #processes 	 msgSize 	 cycles 		 totaltime
 ===========================================================================
9		1		6			5.5614948272705078e-02
9		10		5			3.3307075500488281e-04
9		100		4			3.6501884460449219e-04
9		1000		3			2.6359558105468750e-03
9		10000		2			9.0169906616210938e-03
9		100000		1			3.6685943603515625e-02
 ===========================================================================
 #processes 	 msgSize 	 cycles 		 totaltime
 ===========================================================================
10		1		6			5.7625055313110352e-02
10		10		5			4.0698051452636719e-04
10		100		4			4.5800209045410156e-04
10		1000		3			2.8300285339355469e-03
10		10000		2			1.0282039642333984e-02
10		100000		1			3.9640903472900391e-02
 ===========================================================================
 #processes 	 msgSize 	 cycles 		 totaltime
 ===========================================================================
11		1		6			7.5967073440551758e-02
11		10		5			5.1498413085937500e-04
11		100		4			5.4502487182617188e-04
11		1000		3			3.1590461730957031e-03
11		10000		2			1.1268138885498047e-02
11		100000		1			4.4787168502807617e-02
 ===========================================================================
 #processes 	 msgSize 	 cycles 		 totaltime
 ===========================================================================
12		1		6			6.5260887145996094e-02
12		10		5			5.9199333190917969e-04
12		100		4			6.4301490783691406e-04
12		1000		3			3.5629272460937500e-03
12		10000		2			1.2784957885742188e-02
12		100000		1			4.9895048141479492e-02
 ===========================================================================
 #processes 	 msgSize 	 cycles 		 totaltime
 ===========================================================================
13		1		6			9.6158981323242188e-02
13		10		5			8.4185600280761719e-04
13		100		4			8.0490112304687500e-04
13		1000		3			4.6398639678955078e-03
13		10000		2			1.3955116271972656e-02
13		100000		1			5.3250074386596680e-02
 ===========================================================================
 #processes 	 msgSize 	 cycles 		 totaltime
 ===========================================================================
14		1		6			9.9282026290893555e-02
14		10		5			9.0789794921875000e-04
14		100		4			9.3102455139160156e-04
14		1000		3			4.9071311950683594e-03
14		10000		2			1.4857053756713867e-02
14		100000		1			5.5786132812500000e-02
 ===========================================================================
 #processes 	 msgSize 	 cycles 		 totaltime
 ===========================================================================
15		1		6			9.9642038345336914e-02
15		10		5			9.9802017211914062e-04
15		100		4			9.5486640930175781e-04
15		1000		3			5.2118301391601562e-03
15		10000		2			1.6137838363647461e-02
15		100000		1			6.0784101486206055e-02
 ===========================================================================
 #processes 	 msgSize 	 cycles 		 totaltime
 ===========================================================================
16		1		6			1.2441396713256836e-01
16		10		5			1.1959075927734375e-03
16		100		4			1.0850429534912109e-03
16		1000		3			5.5990219116210938e-03
16		10000		2			1.7652034759521484e-02
16		100000		1			6.9046974182128906e-02